Average Metrics for Subset:
BERT: 0.6957989406585693
BLEU-2: 0.3092114685785198
BLEU-4: 0.2049768383870663
ROUGE-2: 0.2107320624909666
ROUGE-L: 0.3053509052472893
