Average Metrics for Subset:
BERT: 0.7137671911716461
BLEU-2: 0.3602470855964646
BLEU-4: 0.28136197726534534
ROUGE-2: 0.27888062584545226
ROUGE-L: 0.35111444017991267
